621.834993362427|4.67997550964355|500|1|1000|0.5|True|1
0.006|39.3247604370117|2.86102294921875E-05
0.017|39.7789478302002|-2.86102294921875E-05
0.026|41.9223308563232|-0.000128746032714844
0.036|40.3624773025513|0
0.048|41.080117225647|0.000209808349609375
0.056|39.4523143768311|0.00159740447998047
0.067|41.8514013290405|0.00654697418212891
0.077|39.1894578933716|0.0156116485595703
0.087|40.9400463104248|0.0261735916137695
0.098|39.9351119995117|0.0369405746459961
0.108|40.5263900756836|0.0477313995361328
0.117|39.5780801773071|0.0583934783935547
0.127|41.2291288375854|0.0684404373168945
0.138|41.3739681243896|0.0885534286499023
0.148|40.4453277587891|0.098872184753418
0.159|41.1605834960938|0.108885765075684
0.168|39.6758317947388|0.118646621704102
0.179|42.608380317688|0.128955841064453
0.189|38.3454561233521|0.13948917388916
0.199|38.7030839920044|0.150084495544434
0.209|42.4182415008545|0.160741806030273
0.219|39.3521785736084|0.171284675598145
0.23|40.4709577560425|0.181903839111328
0.24|41.7232513427734|0.192480087280273
0.251|42.259693145752|0.202875137329102
0.262|40.9173965454102|0.212807655334473
0.271|41.6684150695801|0.222334861755371
0.281|40.7040119171143|0.232033729553223
0.291|41.6767597198486|0.241861343383789
0.301|39.9869680404663|0.252213478088379
0.312|40.8405065536499|0.262293815612793
0.323|39.9744510650635|0.271682739257813
0.333|41.4794683456421|0.281543731689453
0.345|41.4592027664185|0.291433334350586
0.355|41.1951541900635|0.301470756530762
0.365|40.5114889144897|0.311775207519531
0.376|40.4417514801025|0.322027206420898
0.385|40.8464670181274|0.331969261169434
0.396|40.9436225891113|0.34156322479248
0.406|39.5804643630981|0.35128116607666
0.417|40.3779745101929|0.361042022705078
0.428|43.148398399353|0.381021499633789
0.438|39.7127866744995|0.390772819519043
0.448|40.5490398406982|0.400567054748535
0.46|41.2768125534058|0.410547256469727
0.471|39.5196676254272|0.421042442321777
0.481|40.7516956329346|0.431451797485352
0.495|41.1742925643921|0.441880226135254
0.504|39.1536951065063|0.452370643615723
0.514|41.2356853485107|0.462970733642578
0.527|41.3602590560913|0.473308563232422
0.536|41.4997339248657|0.483407974243164
0.547|41.0699844360352|0.493149757385254
0.559|38.7847423553467|0.502877235412598
0.57|40.0018692016602|0.522661209106445
0.58|41.6374206542969|0.532565116882324
0.592|40.9328937530518|0.542459487915039
0.6|41.1945581436157|0.55182933807373
0.611|39.6084785461426|0.56145191192627
0.62|40.8840179443359|0.571184158325195
0.63|40.4119491577148|0.581426620483398
0.641|40.4107570648193|0.591859817504883
0.65|42.119026184082|0.601849555969238
0.661|41.7172908782959|0.611581802368164
0.672|40.2998924255371|0.621099472045898
0.682|42.6948070526123|0.630912780761719
0.692|40.5770540237427|0.640931129455566
0.703|41.624903678894|0.650944709777832
0.713|42.1613454818726|0.660972595214844
0.725|41.5134429931641|0.670738220214844
0.734|38.4426116943359|0.68077564239502
0.744|41.6237115859985|0.691285133361816
0.754|40.7326221466064|0.701475143432617
0.764|41.5688753128052|0.711708068847656
0.776|39.6037101745605|0.722055435180664
0.786|41.8370962142944|0.732364654541016
0.796|41.3846969604492|0.742511749267578
0.807|40.8929586410522|0.75286865234375
0.817|39.5035743713379|0.762977600097656
0.826|39.9881601333618|0.772547721862793
0.836|41.4562225341797|0.782375335693359
0.847|41.050910949707|0.792593955993652
0.858|41.6016578674316|0.802621841430664
0.868|39.5846366882324|0.812525749206543
0.877|39.9631261825562|0.822253227233887
0.89|39.7604703903198|0.841517448425293
0.901|42.2894954681396|0.851387977600098
0.91|39.8367643356323|0.86186408996582
0.922|40.5830144882202|0.872135162353516
0.932|41.8126583099365|0.882010459899902
0.943|40.6569242477417|0.891728401184082
0.955|42.4933433532715|0.901327133178711
0.965|42.148232460022|0.910906791687012
0.976|41.462779045105|0.920872688293457
0.988|40.2408838272095|0.940709114074707
0.998|41.3167476654053|0.950565338134766
1.009|40.1663780212402|0.96036434173584
1.021|40.7767295837402|0.97078800201416
1.032|40.0304794311523|0.981216430664063
1.042|42.189359664917|0.991554260253906
1.054|41.0968065261841|1.00207805633545
1.065|40.6503677368164|1.01256370544434
1.075|40.9209728240967|1.02327346801758
1.087|40.6640768051147|1.033616065979
1.098|41.8519973754883|1.05286121368408
1.108|40.3416156768799|1.06244564056396
1.121|40.8172607421875|1.07246875762939
1.131|42.5475835800171|1.08262538909912
1.141|40.8357381820679|1.09255790710449
1.153|39.8248434066772|1.10236167907715
1.164|40.5621528625488|1.11171245574951
1.174|38.8318300247192|1.12148284912109
1.186|41.8299436569214|1.13166332244873
1.196|39.9720668792725|1.14226341247559
1.207|42.2859191894531|1.15234851837158
1.22|39.8832559585571|1.17188453674316
1.23|40.7689809799194|1.18147373199463
1.24|41.3715839385986|1.19132518768311
1.252|40.8011674880981|1.20151042938232
1.262|39.8606061935425|1.21102809906006
1.273|40.661096572876|1.22076034545898
1.285|39.8087501525879|1.23057842254639
1.296|40.2015447616577|1.24063014984131
1.306|41.9431924819946|1.2507963180542
1.318|43.1621074676514|1.27171039581299
1.328|41.2362813949585|1.28211975097656
1.339|42.0957803726196|1.29278182983398
1.351|39.1864776611328|1.3032054901123
1.361|41.8323278427124|1.31340503692627
1.372|39.9982929229736|1.32332801818848
1.382|39.8653745651245|1.33285045623779
1.392|40.0400161743164|1.3425350189209
1.403|41.4371490478516|1.35245323181152
1.413|39.941668510437|1.362624168396
1.423|41.353702545166|1.37247562408447
1.434|41.9753789901733|1.38198852539063
1.444|39.2818450927734|1.39150619506836
1.454|40.2837991714478|1.40117168426514
1.466|42.451024055481|1.41135215759277
1.478|39.789080619812|1.42168521881104
1.487|40.583610534668|1.43180370330811
1.5|39.2532348632813|1.45123958587646
1.51|41.1862134933472|1.46111488342285
1.519|41.7566299438477|1.47093296051025
1.53|40.2355194091797|1.48084163665771
1.539|40.4584407806396|1.49067878723145
1.551|41.7411327362061|1.50044441223145
1.56|41.5784120559692|1.51037216186523
1.57|39.8993492126465|1.52034759521484
1.58|40.3487682342529|1.53048515319824
1.59|40.0125980377197|1.54108047485352
1.601|40.4232740402222|1.55155658721924
1.611|40.1830673217773|1.56193733215332
1.621|42.2877073287964|1.57236576080322
1.632|39.2299890518188|1.58307075500488
1.643|40.4304265975952|1.59319400787354
1.652|40.0125980377197|1.6033935546875
1.664|40.5925512313843|1.61304473876953
1.674|40.8917665481567|1.6229772567749
1.685|41.2654876708984|1.63263320922852
1.697|39.2037630081177|1.64230823516846
1.707|39.7622585296631|1.65216445922852
1.717|41.6386127471924|1.66178703308105
1.728|40.2098894119263|1.67135238647461
1.737|41.7101383209229|1.68132305145264
1.747|39.1602516174316|1.69132232666016
1.757|39.5452976226807|1.70192718505859
1.767|40.8315658569336|1.71192169189453
1.781|40.3976440429688|1.73107147216797
1.79|39.7986173629761|1.74082279205322
1.8|41.4383411407471|1.75075054168701
1.814|40.7058000564575|1.76077365875244
1.823|41.8376922607422|1.77077770233154
1.833|40.5514240264893|1.78075790405273
1.845|39.9714708328247|1.79056167602539
1.856|40.3487682342529|1.80069923400879
1.866|41.3352251052856|1.81094169616699
1.877|39.5345687866211|1.82148933410645
1.886|41.7375564575195|1.83211326599121
1.896|40.4649972915649|1.8425989151001
1.906|39.2544269561768|1.85300350189209
1.916|40.2724742889404|1.86342239379883
1.929|41.0783290863037|1.88310623168945
1.939|40.6849384307861|1.89258575439453
1.949|40.7892465591431|1.9024133682251
1.96|41.6368246078491|1.91278457641602
1.969|42.036771774292|1.92284107208252
1.98|40.4524803161621|1.93268299102783
1.989|40.6813621520996|1.94223880767822
2|40.7248735427856|1.95178508758545
2.011|40.4375791549683|1.96152210235596
2.021|40.135383605957|1.97201728820801
2.031|40.3463840484619|1.9823694229126
2.044|39.2055511474609|1.99236392974854
2.054|40.280818939209|2.00202941894531
2.064|43.2717800140381|2.01168537139893
2.077|40.8655405044556|2.02128410339355
2.087|40.2790307998657|2.03110218048096
2.097|42.3949956893921|2.04113483428955
2.11|39.9768352508545|2.06071376800537
2.119|40.8703088760376|2.07053661346436
2.129|42.0975685119629|2.0810079574585
2.14|41.5229797363281|2.09136009216309
2.149|40.9078598022461|2.10174083709717
2.16|40.2665138244629|2.11228370666504
2.17|40.2522087097168|2.12257862091064
2.18|40.3892993927002|2.13304042816162
2.19|39.0350818634033|2.14346885681152
2.202|42.1971082687378|2.15344905853271
2.211|38.9188528060913|2.16324329376221
2.222|41.9938564300537|2.17281818389893
2.231|41.4299964904785|2.18262672424316
2.242|41.4007902145386|2.1925687789917
2.251|40.9400463104248|2.20229625701904
2.261|40.1347875595093|2.21213340759277
2.272|42.22571849823|2.22183704376221
2.281|40.8816337585449|2.23129749298096
2.293|41.3423776626587|2.2413969039917
2.303|40.8661365509033|2.25187301635742
2.314|41.3256883621216|2.2618293762207
2.325|40.6581163406372|2.27190017700195
2.334|39.0255451202393|2.28183269500732
2.345|41.167140007019|2.29124069213867
2.355|41.8174266815186|2.30104446411133
2.365|42.3699617385864|2.31099605560303
2.375|40.1037931442261|2.32124805450439
2.385|40.8726930618286|2.33080387115479
2.396|40.9990549087524|2.34043121337891
2.407|41.2356853485107|2.35049724578857
2.417|40.3547286987305|2.3607349395752
2.427|40.0543212890625|2.37114429473877
2.439|40.2164459228516|2.39221096038818
2.45|41.4317846298218|2.40277290344238
2.46|41.3388013839722|2.41308689117432
2.472|40.6873226165771|2.42316722869873
2.483|40.3964519500732|2.43320465087891
2.493|42.0957803726196|2.44294166564941
2.505|42.2441959381104|2.45268821716309
2.516|42.80686378479|2.46269702911377
2.526|40.8834218978882|2.47282981872559
2.538|40.3451919555664|2.49261856079102
2.548|41.9324636459351|2.5020170211792
2.559|41.4472818374634|2.51172542572021
2.572|41.2404537200928|2.52170562744141
2.582|42.0856475830078|2.53186702728271
2.592|40.4596328735352|2.54194736480713
2.603|41.8776273727417|2.55185604095459
2.612|41.6666269302368|2.56133556365967
2.623|42.6149368286133|2.57075309753418
2.632|41.1015748977661|2.5806999206543
2.642|41.92054271698|2.59092330932617
2.654|40.7582521438599|2.6008939743042
2.664|41.9378280639648|2.61058330535889
2.673|41.7977571487427|2.62065887451172
2.684|43.1591272354126|2.63072967529297
2.693|38.7120246887207|2.64105319976807
2.703|43.829083442688|2.65142917633057
2.714|41.8049097061157|2.66160011291504
2.724|42.7001714706421|2.67236709594727
2.737|40.3058528900146|2.682785987854
2.746|42.765736579895|2.69320487976074
2.757|42.492151260376|2.70322799682617
2.769|40.8613681793213|2.722487449646
2.779|43.3677434921265|2.7323579788208
2.789|41.0950183868408|2.74268627166748
2.801|41.3650274276733|2.75280952453613
2.81|43.8934564590454|2.76277542114258
2.82|41.5176153182983|2.77235507965088
2.83|42.0445203781128|2.78178215026855
2.84|41.7381525039673|2.7916431427002
2.852|42.424201965332|2.80194282531738
2.861|42.4343347549438|2.81235218048096
2.871|41.4156913757324|2.82228469848633
2.882|42.7907705307007|2.83209800720215
2.891|40.97580909729|2.84160137176514
2.903|42.8074598312378|2.85117626190186
2.913|41.4657592773438|2.8610897064209
2.923|42.4903631210327|2.87102699279785
2.936|41.58616065979|2.88076400756836
2.945|41.927695274353|2.89046287536621
2.955|43.5531139373779|2.90054321289063
2.965|41.3340330123901|2.91069030761719
2.975|40.6038761138916|2.920823097229
2.986|42.3300266265869|2.93142795562744
2.996|41.7435169219971|2.94209480285645
3.007|41.4115190505981|2.95234203338623
3.017|41.7137145996094|2.96308040618896
3.028|43.8547134399414|2.97340869903564
3.037|43.7420606613159|2.98336505889893
3.05|43.1382656097412|3.00239086151123
3.061|43.0262088775635|3.01227569580078
3.07|42.4367189407349|3.02220821380615
3.083|41.7232513427734|3.03183555603027
3.093|42.4093008041382|3.04142951965332
3.103|43.4678792953491|3.05105686187744
3.116|41.0842895507813|3.06100368499756
3.127|42.2918796539307|3.07098865509033
3.136|44.3422794342041|3.08139324188232
3.149|43.027400970459|3.10189723968506
3.16|43.7760353088379|3.11174392700195
3.169|44.6361303329468|3.12133312225342
3.182|41.9843196868896|3.131103515625
3.192|42.83607006073|3.14083576202393
3.202|42.9189205169678|3.15093040466309
3.213|43.2771444320679|3.16075325012207
3.222|41.5569543838501|3.17035675048828
3.232|43.976902961731|3.18009376525879
3.242|42.3657894134521|3.19021701812744
3.252|43.0184602737427|3.20053100585938
3.263|45.2262163162231|3.21090221405029
3.274|41.0264730453491|3.22145938873291
3.284|42.4027442932129|3.23204040527344
3.296|41.7602062225342|3.24260711669922
3.307|44.0520048141479|3.25303554534912
3.317|45.5164909362793|3.26314449310303
3.329|42.0713424682617|3.28225612640381
3.34|43.4243679046631|3.29213619232178
3.35|41.0676002502441|3.30218315124512
3.363|41.3072109222412|3.31224918365479
3.373|41.700005531311|3.32204818725586
3.383|42.6912307739258|3.331618309021
3.395|42.1237945556641|3.341383934021
3.405|43.9226627349854|3.35117816925049
3.416|42.760968208313|3.36158752441406
3.429|41.8126583099365|3.38202476501465
3.439|43.5841083526611|3.39187622070313
3.449|43.6818599700928|3.40137481689453
3.463|43.6407327651978|3.41112613677979
3.472|44.211745262146|3.4209156036377
3.482|43.3331727981567|3.43073844909668
3.495|42.5362586975098|3.44070434570313
3.504|43.7450408935547|3.45045566558838
3.515|42.8622961044312|3.46032619476318
3.526|40.8995151519775|3.47060203552246
3.535|43.2312488555908|3.48110675811768
3.546|41.5652990341187|3.49145889282227
3.555|44.2832708358765|3.50194454193115
3.565|42.5738096237183|3.5126781463623
3.577|42.1643257141113|3.5230827331543
3.587|44.2439317703247|3.53336811065674
3.598|43.8433885574341|3.5529899597168
3.608|43.5233116149902|3.56250286102295
3.618|43.2664155960083|3.57255935668945
3.628|42.2948598861694|3.58255386352539
3.64|42.5809621810913|3.59268665313721
3.649|42.3741340637207|3.60255241394043
3.66|43.2705879211426|3.61212730407715
3.669|43.0256128311157|3.6220121383667
3.679|41.4705276489258|3.63178253173828
3.69|42.0069694519043|3.64211559295654
3.699|43.6156988143921|3.65245819091797
3.71|42.3401594161987|3.6624002456665
3.72|42.5863265991211|3.67185115814209
3.73|44.0824031829834|3.68128299713135
3.744|44.3512201309204|3.69126319885254
3.754|40.0733947753906|3.70110034942627
3.764|42.615532875061|3.71114730834961
3.776|44.8554754257202|3.7210750579834
3.785|43.102502822876|3.73072624206543
3.794|42.986273765564|3.74088764190674
3.804|43.4243679046631|3.75123500823975
3.814|42.4444675445557|3.76169681549072
3.824|43.9149141311646|3.7721061706543
3.835|42.2137975692749|3.78259181976318
3.845|44.1825389862061|3.79289627075195
3.858|43.4452295303345|3.80335330963135
3.868|43.7247753143311|3.82307052612305
3.878|42.0475006103516|3.83260726928711
3.89|45.0378656387329|3.84241580963135
3.9|44.3059206008911|3.85257720947266
3.911|44.6778535842896|3.8627290725708
3.923|43.8404083251953|3.87274265289307
3.934|46.9332933425903|3.88209342956543
3.944|43.1525707244873|3.89158248901367
3.956|46.0398197174072|3.90137195587158
3.967|47.1651554107666|3.91170978546143
3.977|45.5558300018311|3.922119140625
3.989|46.5697050094604|3.94194602966309
3.999|46.0439920425415|3.95160675048828
4.01|45.1171398162842|3.96103858947754
4.022|45.4360246658325|3.97059440612793
4.032|47.6431846618652|3.98066997528076
4.043|49.8253107070923|3.99044990539551
4.055|49.8121976852417|4.00032997131348
4.066|48.4162569046021|4.01001453399658
4.076|51.1223077774048|4.0200662612915
4.088|49.0438938140869|4.0305757522583
4.096|50.9053468704224|4.04094696044922
4.107|51.8316030502319|4.05153751373291
4.116|50.8075952529907|4.06236171722412
4.126|52.4026155471802|4.07250881195068
4.137|52.3096323013306|4.0831184387207
4.148|51.9949197769165|4.10292625427246
4.158|54.5370578765869|4.11264419555664
4.171|53.4164905548096|4.12207126617432
4.18|55.9598207473755|4.13197040557861
4.191|55.7237863540649|4.14218425750732
4.204|56.1672449111938|4.15215492248535
4.213|55.0895929336548|4.16189193725586
4.223|57.0160150527954|4.17140007019043
4.234|56.9671392440796|4.18099403381348
4.243|55.9824705123901|4.19118881225586
4.253|57.2109222412109|4.20172691345215
4.263|58.3392381668091|4.21191215515137
4.274|58.5800409317017|4.22177314758301
4.287|62.7738237380981|4.23149108886719
4.296|62.6736879348755|4.24105644226074
4.307|61.5954399108887|4.25073146820068
4.319|64.9523735046387|4.27053451538086
4.329|67.1219825744629|4.28017616271973
4.34|69.5908069610596|4.2901611328125
4.35|70.0271129608154|4.30015087127686
4.36|75.3164291381836|4.31033134460449
4.37|80.4305076599121|4.32035446166992
4.38|87.7821445465088|4.33037757873535
4.391|94.4936275482178|4.34075832366943
4.402|100.428462028503|4.35070037841797
4.412|109.363794326782|4.36107158660889
4.422|119.364857673645|4.37077522277832
4.435|129.178166389465|4.38039302825928
4.445|137.874484062195|4.3897533416748
4.455|151.573419570923|4.39928531646729
4.468|162.814259529114|4.40893650054932
4.477|176.656246185303|4.41890716552734
4.487|186.673402786255|4.42840576171875
4.498|201.650857925415|4.43785190582275
4.507|214.371681213379|4.44709777832031
4.519|246.537923812866|4.46630954742432
4.529|260.893702507019|4.47681903839111
4.539|275.453925132751|4.48709487915039
4.551|282.672643661499|4.49695110321045
4.56|304.426550865173|4.5060920715332
4.571|320.932269096375|4.51509475708008
4.581|338.389873504639|4.52476978302002
4.591|356.457233428955|4.5344066619873
4.602|376.42776966095|4.54422473907471
4.612|394.516587257385|4.55369472503662
4.622|417.12760925293|4.56353664398193
4.632|438.32540512085|4.57333087921143
4.643|458.437204360962|4.58335399627686
4.653|480.058789253235|4.59367752075195
4.665|502.792000770569|4.60387706756592
4.676|526.096820831299|4.61428165435791
4.686|548.915863037109|4.6244478225708
-1|-1|-1
4.702|623.086094856262|4.67993259429932
4.714|621.497631072998|4.67988014221191
4.724|622.544288635254|4.67983722686768
4.734|622.453093528748|4.68014717102051
4.744|622.588396072388|4.6810245513916
4.754|623.447895050049|4.68387126922607
4.764|629.556775093079|4.68895435333252
4.774|641.741752624512|4.6941614151001
4.785|659.939050674438|4.69888687133789
4.797|679.073929786682|4.70369338989258
4.807|694.58544254303|4.70855236053467
4.817|712.161064147949|4.713454246521
4.83|743.116736412048|4.72293376922607
4.84|757.523775100708|4.72774982452393
4.85|771.334171295166|4.73275184631348
4.863|787.609815597534|4.73785400390625
4.873|799.698829650879|4.74299907684326
4.883|815.537571907043|4.74800109863281
4.896|829.740166664124|4.75316047668457
4.906|846.003890037537|4.75832939147949
4.916|861.866474151611|4.76344585418701
4.929|873.446464538574|4.76871013641357
4.939|889.320969581604|4.77352619171143
4.949|904.106497764587|4.77828502655029
4.962|930.919647216797|4.78796005249023
4.972|942.782163619995|4.79308605194092
4.982|956.027507781982|4.79790210723877
4.994|970.527529716492|4.80253219604492
5.005|983.685255050659|4.80774879455566
5.015|997.942686080933|4.81259822845459
5.028|1007.76851177216|4.81766223907471
5.038|1022.50635623932|4.82279777526855
5.048|1036.82518005371|4.82772350311279
5.06|1067.50667095184|4.83772277832031
5.071|1080.13391494751|4.84274864196777
5.081|1091.348528862|4.84795570373535
5.094|1108.22856426239|4.8530912399292
5.104|1120.70858478546|4.85824108123779
5.114|1137.36927509308|4.86327648162842
5.125|1150.93588829041|4.86886501312256
5.135|1165.66002368927|4.87375736236572
5.146|1183.03120136261|4.87893104553223
5.156|1193.12405586243|4.884033203125
5.166|1209.06233787537|4.88940238952637
5.177|1220.51000595093|4.89456176757813
5.188|1234.39490795136|4.89968299865723
5.198|1250.33020973206|4.90479946136475
5.209|1262.77983188629|4.91005420684814
5.218|1280.91394901276|4.91503238677979
5.228|1292.18339920044|4.91978168487549
5.238|1305.66596984863|4.92445945739746
5.248|1319.04721260071|4.92924213409424
5.258|1333.29629898071|4.93393898010254
5.269|1344.33150291443|4.93875503540039
5.279|1359.92050170898|4.94375228881836
5.291|1385.51115989685|4.95410442352295
5.302|1400.03085136414|4.95913505554199
5.312|1414.82055187225|4.96410369873047
5.324|1428.44021320343|4.96897220611572
5.335|1443.30203533173|4.9739933013916
5.345|1457.29601383209|4.97899532318115
5.357|1473.04952144623|4.98382091522217
5.368|1487.18178272247|4.98855590820313
5.378|1498.14903736115|4.99354362487793
5.39|1526.73363685608|5.00317096710205
5.401|1540.82417488098|5.00838279724121
5.411|1556.44714832306|5.01341819763184
5.424|1569.44513320923|5.01847743988037
5.434|1586.36569976807|5.02336978912354
5.444|1598.04105758667|5.02847194671631
5.456|1614.15338516235|5.03346920013428
5.467|1628.4316778183|5.03829002380371
-2|-2|-2
5.467|1628.4316778183|5.03829002380371
5.467|1628.4316778183|5.03829002380371
-3|-3|-3
5.477|1622.73406982422|5.06510257720947
5.488|1619.98569965363|5.06493091583252
5.498|1622.30432033539|5.06487846374512
5.51|1620.90361118317|5.06473064422607
5.521|1620.85592746735|5.06510257720947
5.531|1622.05517292023|5.06479740142822
5.544|1623.23415279388|5.06489276885986
5.554|1621.55508995056|5.06489276885986
5.564|1623.04818630219|5.06504058837891
5.574|1621.71542644501|5.06504058837891
5.584|1621.58191204071|5.06489753723145
5.594|1619.28474903107|5.06490707397461
5.604|1622.26378917694|5.06507873535156
5.615|1621.40429019928|5.06477355957031
5.625|1623.86119365692|5.06464958190918
5.636|1622.50757217407|5.06386756896973
5.646|1622.13325500488|5.06124973297119
5.658|1615.0027513504|5.05537986755371
5.669|1597.43845462799|5.04732131958008
5.679|1565.61017036438|5.03868579864502
5.691|1486.7091178894|5.02053260803223
5.702|1448.81069660187|5.01037120819092
5.712|1408.88512134552|4.99992370605469
5.724|1367.29657649994|4.98966217041016
5.735|1326.95317268372|4.97971057891846
5.745|1289.89100456238|4.96990203857422
5.757|1252.55465507507|4.95989799499512
5.768|1219.49732303619|4.9495792388916
5.778|1182.86430835724|4.9391508102417
5.79|1115.30184745789|4.91880893707275
5.801|1082.48114585876|4.90823268890381
5.811|1050.24039745331|4.89762306213379
5.823|1015.38240909576|4.88638877868652
5.834|982.779860496521|4.87505912780762
5.844|944.913625717163|4.86466407775879
5.856|913.026928901672|4.85414981842041
5.867|881.655812263489|4.84414577484131
5.877|850.868225097656|4.83389854431152
5.889|823.932290077209|4.8237943649292
5.898|795.70472240448|4.81373310089111
5.908|766.959190368652|4.80350971221924
5.918|737.271308898926|4.79344844818115
5.928|711.633563041687|4.78339672088623
5.939|683.538317680359|4.77353572845459
5.949|658.693313598633|4.76363182067871
5.959|633.085966110229|4.75321292877197
5.971|583.840608596802|4.73213195800781
5.982|556.615591049194|4.72193241119385
5.992|532.457828521729|4.71199989318848
6.005|508.511662483215|4.70224380493164
6.015|487.685203552246|4.69242572784424
6.025|465.988516807556|4.68199253082275
6.037|444.000959396362|4.67136859893799
6.047|422.139763832092|4.66084003448486
6.057|400.339961051941|4.65082168579102
6.067|379.045605659485|4.64071273803711
6.077|358.068346977234|4.63067054748535
6.088|340.48855304718|4.62051868438721
6.098|320.825576782227|4.60956573486328
6.108|302.397608757019|4.59897518157959
6.12|266.478657722473|4.57772731781006
6.13|250.968933105469|4.56735610961914
6.141|246.671438217163|4.55745220184326
6.153|228.795409202576|4.54770088195801
6.164|212.154984474182|4.53836441040039
6.174|198.220014572144|4.52849864959717
6.186|184.049606323242|4.51833248138428
6.196|172.311067581177|4.50809001922607
6.207|158.315300941467|4.49806213378906
6.217|144.245028495789|4.48811531066895
6.227|134.88233089447|4.47810173034668
6.237|123.166441917419|4.4679594039917
6.248|112.844705581665|4.45717334747314
6.258|104.876160621643|4.44663524627686
6.269|93.6812162399292|4.436354637146
6.279|88.5456800460815|4.42655086517334
6.289|79.6341896057129|4.41653728485107
6.302|70.117712020874|4.39600467681885
6.312|66.0508871078491|4.38534736633301
6.322|63.6184215545654|4.37512874603271
6.334|61.1096620559692|4.36502456665039
6.345|56.9045543670654|4.3546199798584
6.355|56.6929578781128|4.34394359588623
6.367|55.3244352340698|4.33322429656982
6.378|54.1722774505615|4.32234764099121
6.388|55.6313991546631|4.31216239929199
6.4|51.1705875396729|4.29229259490967
6.411|51.1795282363892|4.28224563598633
6.421|52.0825386047363|4.27244186401367
6.433|50.6460666656494|4.26283359527588
6.444|48.8752126693726|4.25309658050537
6.454|51.0120391845703|4.24321174621582
6.466|50.4773855209351|4.23316478729248
6.477|50.8755445480347|4.2233943939209
6.487|49.0820407867432|4.21358585357666
6.5|48.0979681015015|4.1938304901123
6.51|48.0973720550537|4.18341159820557
6.521|46.7497110366821|4.17286396026611
6.532|47.4631786346436|4.16263580322266
6.543|45.9426641464233|4.15286540985107
6.553|46.3306903839111|4.14336681365967
6.564|44.1062450408936|4.13376331329346
6.576|45.1737642288208|4.12359714508057
6.586|46.1864471435547|4.11325454711914
6.597|46.6859340667725|4.1029691696167
6.606|44.9544191360474|4.09303188323975
6.616|44.3708896636963|4.08329486846924
6.627|44.8530912399292|4.07305717468262
6.637|43.606162071228|4.06240463256836
6.648|45.3829765319824|4.05191898345947
6.658|46.0505485534668|4.0414571762085
6.669|43.1692600250244|4.03129577636719
6.681|43.8576936721802|4.01121616363525
6.691|44.3655252456665|4.00146007537842
6.702|45.2888011932373|3.99199962615967
6.714|41.9169664382935|3.98251056671143
6.724|44.4203615188599|3.97275924682617
6.735|41.9902801513672|3.96320343017578
6.746|41.3548946380615|3.95321369171143
6.757|44.715404510498|3.94350528717041
6.767|44.2075729370117|3.93366813659668
6.779|43.5155630111694|3.92378807067871
6.79|42.4551963806152|3.90337467193604
6.8|43.5000658035278|3.89299869537354
6.812|42.1589612960815|3.88282299041748
6.823|41.9986248016357|3.87314319610596
6.833|43.4237718582153|3.86354923248291
6.846|42.1625375747681|3.85350227355957
6.856|40.9901142120361|3.84341239929199
6.866|42.5529479980469|3.83315563201904
6.877|43.0506467819214|3.82286548614502
6.887|41.8919324874878|3.81284236907959
6.898|42.2054529190063|3.80295753479004
6.907|41.9050455093384|3.79279613494873
6.917|41.3215160369873|3.78231525421143
6.928|40.7004356384277|3.77164363861084
6.938|43.749213218689|3.76150608062744
6.949|42.2459840774536|3.75142097473145
6.962|40.8333539962769|3.7312126159668
6.972|41.8269634246826|3.72171401977539
6.982|40.4149293899536|3.71201515197754
6.992|40.4274463653564|3.70253086090088
7.002|43.025016784668|3.69286060333252
7.012|41.5962934494019|3.68292808532715
7.023|42.5100326538086|3.67292881011963
7.033|40.3141975402832|3.66320133209229
7.043|41.4282083511353|3.65331649780273
7.054|42.5899028778076|3.64332675933838
7.064|41.8788194656372|3.63324642181396
7.076|41.1325693130493|3.62305164337158
7.087|41.7190790176392|3.61255168914795
7.097|40.6640768051147|3.60257625579834
7.109|41.3531064987183|3.59303951263428
7.12|41.738748550415|3.57354640960693
7.13|39.7658348083496|3.56317520141602
7.142|40.8655405044556|3.55266094207764
7.153|43.2103872299194|3.54256153106689
7.163|40.1544570922852|3.53253364562988
7.175|41.8972969055176|3.52272987365723
7.186|40.8107042312622|3.51207733154297
7.196|40.7034158706665|3.50155353546143
7.206|39.9893522262573|3.49112987518311
7.216|41.4711236953735|3.4808874130249
7.227|42.4885749816895|3.47098350524902
7.237|41.5885448455811|3.46094131469727
7.247|40.3183698654175|3.45108509063721
7.259|41.4282083511353|3.44142913818359
7.27|42.0129299163818|3.42255592346191
7.279|42.0129299163818|3.42255592346191
7.291|42.2167778015137|3.4030818939209
7.301|40.8387184143066|3.39340209960938
7.311|40.9209728240967|3.38362216949463
7.323|43.4476137161255|3.37357044219971
7.333|41.0383939743042|3.36325168609619
7.343|41.4139032363892|3.35299015045166
7.353|41.3495302200317|3.34250926971436
7.363|43.5090065002441|3.33253383636475
7.373|43.0727005004883|3.32263469696045
7.384|41.1772727966309|3.31284999847412
7.394|41.9038534164429|3.30334663391113
7.406|41.9306755065918|3.29347610473633
7.417|42.7019596099854|3.28322887420654
7.427|43.5101985931396|3.27296733856201
7.438|42.9922342300415|3.26287269592285
7.45|40.5949354171753|3.24291229248047
7.46|42.3192977905273|3.2323694229126
7.472|41.930079460144|3.22181701660156
7.483|41.1105155944824|3.21144580841064
7.493|40.631890296936|3.20106506347656
7.505|41.7953729629517|3.19109916687012
7.516|42.2173738479614|3.18129062652588
7.526|40.4542684555054|3.17135810852051
7.538|42.2275066375732|3.16178321838379
7.549|42.4891710281372|3.15210819244385
7.559|41.0211086273193|3.14266204833984
7.569|42.9034233093262|3.13305377960205
7.579|43.1835651397705|3.12336921691895
7.589|42.3640012741089|3.1134557723999
7.599|41.8806076049805|3.10364246368408
7.609|42.5040721893311|3.09374809265137
7.621|39.7217273712158|3.07354927062988
7.631|42.2269105911255|3.06309223175049
7.642|41.9360399246216|3.05274963378906
7.653|41.8931245803833|3.04320335388184
7.664|41.9056415557861|3.03327560424805
7.674|43.3778762817383|3.02361488342285
7.686|41.3745641708374|3.01372528076172
7.696|43.0595874786377|3.00325870513916
7.706|41.1790609359741|2.99302577972412
7.716|40.9615039825439|2.98294067382813
7.726|43.5233116149902|2.9731559753418
7.737|40.7785177230835|2.9630708694458
7.747|42.8199768066406|2.95287132263184
7.757|41.7518615722656|2.9424524307251
7.767|40.7618284225464|2.93157577514648
7.777|42.4426794052124|2.92130947113037
7.788|41.4669513702393|2.91121959686279
7.798|41.3334369659424|2.90140628814697
7.808|40.4185056686401|2.89151668548584
7.818|41.3632392883301|2.88180828094482
7.829|42.5243377685547|2.8722095489502
7.84|41.4347648620605|2.85280704498291
7.852|42.8867340087891|2.8427791595459
7.862|42.2191619873047|2.83288955688477
7.872|41.2231683731079|2.82321929931641
7.885|41.7518615722656|2.81352519989014
7.895|40.0692224502563|2.80340671539307
7.905|40.8899784088135|2.79295444488525
7.917|42.3669815063477|2.78284072875977
7.928|40.4733419418335|2.77263641357422
7.938|41.9944524765015|2.76285648345947
7.95|41.4371490478516|2.74324417114258
7.961|40.6616926193237|2.7332067489624
7.971|40.818452835083|2.72257328033447
7.983|40.627121925354|2.7122688293457
7.994|42.5654649734497|2.70224571228027
8.004|42.273998260498|2.69223690032959
8.015|42.2292947769165|2.68230438232422
8.024|40.1133298873901|2.67207145690918
8.034|40.8989191055298|2.66165256500244
8.045|40.702223777771|2.65115737915039
8.055|42.3562526702881|2.64101028442383
8.066|42.7168607711792|2.63086318969727
8.076|41.7888164520264|2.6209545135498
8.086|41.0020351409912|2.61147499084473
8.099|40.1026010513306|2.60202884674072
8.109|39.8939847946167|2.59231567382813
8.119|40.1604175567627|2.58237361907959
8.131|40.210485458374|2.56267070770264
8.142|42.3413515090942|2.55280494689941
8.152|41.5319204330444|2.54312038421631
8.165|42.1631336212158|2.5333833694458
8.175|41.3364171981812|2.52320289611816
8.185|41.5939092636108|2.51313209533691
8.197|42.8557395935059|2.50280857086182
8.208|41.5867567062378|2.4925422668457
8.218|39.9422645568848|2.48281955718994
8.231|42.4826145172119|2.46335983276367
8.241|39.709210395813|2.45304584503174
8.252|40.3320789337158|2.44289398193359
8.264|40.9138202667236|2.43257522583008
8.274|40.6098365783691|2.42275714874268
8.284|40.5019521713257|2.41254329681396
8.296|41.7274236679077|2.40230083465576
8.307|40.8250093460083|2.39194393157959
8.317|40.9787893295288|2.38126277923584
8.328|41.4884090423584|2.3710298538208
8.338|40.8840179443359|2.36080169677734
8.348|41.9527292251587|2.35077857971191
8.358|41.7327880859375|2.34111785888672
8.368|39.8176908493042|2.33121395111084
8.379|40.6885147094727|2.32182502746582
8.389|41.0515069961548|2.31234073638916
8.4|40.2045249938965|2.29320049285889
8.41|42.2549247741699|2.28314876556396
8.421|40.1860475540161|2.27325916290283
8.431|40.8691167831421|2.26345062255859
8.441|40.9841537475586|2.25348949432373
8.451|39.021372795105|2.24317073822021
8.461|40.4250621795654|2.23277568817139
8.472|39.9750471115112|2.22232818603516
8.482|40.4495000839233|2.21219539642334
8.494|39.0118360519409|2.20277309417725
8.505|40.2230024337769|2.19323635101318
8.515|39.9094820022583|2.18332767486572
8.528|40.4453277587891|2.17307090759277
8.538|40.4638051986694|2.16288089752197
8.548|40.4214859008789|2.1528148651123
8.56|40.0084257125854|2.13304042816162
8.571|39.246678352356|2.1226978302002
8.581|39.8695468902588|2.11207866668701
8.593|42.3651933670044|2.10155010223389
8.604|42.2114133834839|2.09114551544189
8.614|40.9525632858276|2.0809268951416
8.626|42.920708656311|2.07088947296143
8.636|40.0465726852417|2.06100940704346
8.646|40.8774614334106|2.05137729644775
8.656|40.0477647781372|2.04181671142578
8.667|40.1371717453003|2.03224658966064
8.677|41.4431095123291|2.02272415161133
8.688|40.2849912643433|2.0127534866333
8.697|42.9761409759521|2.002854347229
8.707|42.4134731292725|1.99333667755127
8.718|41.3733720779419|1.98359966278076
8.728|40.7809019088745|1.973557472229
8.738|41.9527292251587|1.96313858032227
8.748|40.0525331497192|1.9526195526123
8.758|39.716362953186|1.94245338439941
8.769|42.8098440170288|1.93263053894043
8.779|40.7308340072632|1.92298412322998
8.791|40.8822298049927|1.90314769744873
8.802|41.5724515914917|1.89270496368408
8.812|40.624737739563|1.88241004943848
8.824|39.5715236663818|1.87222003936768
8.835|41.2732362747192|1.86238288879395
8.845|41.4788722991943|1.85239791870117
8.855|42.6679849624634|1.84212207794189
8.865|40.0239229202271|1.83155536651611
8.875|39.5721197128296|1.82112216949463
8.885|40.39466381073|1.81079864501953
8.895|39.7598743438721|1.80111408233643
8.906|40.2581691741943|1.79121017456055
8.917|41.2255525588989|1.78127765655518
8.927|41.2040948867798|1.7717170715332
8.94|42.5273180007935|1.75240516662598
8.95|39.8695468902588|1.74258708953857
8.961|41.0175323486328|1.73263549804688
8.972|41.0163402557373|1.72275543212891
8.982|40.1753187179565|1.712965965271
8.992|39.9041175842285|1.70300960540771
9.002|42.1124696731567|1.69307708740234
9.012|40.1812791824341|1.68285369873047
9.022|40.0179624557495|1.67254447937012
9.032|41.2815809249878|1.66242122650146
9.043|42.7424907684326|1.65271759033203
9.055|41.2648916244507|1.6431713104248
9.065|41.8668985366821|1.63358688354492
9.076|38.9397144317627|1.62343502044678
9.087|41.1933660507202|1.61344051361084
9.097|39.7187471389771|1.60335540771484
9.108|41.2666797637939|1.59316062927246
9.118|40.816068649292|1.58295631408691
9.128|38.4819507598877|1.57246589660645
9.138|40.4816865921021|1.56157970428467
9.148|41.8585538864136|1.55105590820313
9.159|40.9179925918579|1.54079914093018
9.17|39.0756130218506|1.52084827423096
9.181|40.4995679855347|1.51105880737305
9.191|40.5287742614746|1.50117874145508
9.203|42.3985719680786|1.49174213409424
9.213|38.953423500061|1.48242950439453
9.223|40.8667325973511|1.47297382354736
9.233|40.7063961029053|1.46317481994629
9.243|39.8963689804077|1.45321846008301
9.255|42.8664684295654|1.44323348999023
9.265|40.7445430755615|1.43347263336182
9.275|43.2312488555908|1.4235258102417
9.287|41.239857673645|1.41336441040039
9.297|42.8956747055054|1.40303134918213
9.307|42.8682565689087|1.39263153076172
9.317|38.7436151504517|1.38267040252686
9.327|41.1498546600342|1.37312889099121
9.338|40.2295589447021|1.36324405670166
9.348|42.2185659408569|1.35368347167969
9.358|38.2471084594727|1.34360790252686
9.368|38.144588470459|1.33319854736328
9.379|40.6402349472046|1.32300853729248
9.389|42.0957803726196|1.31289482116699
9.401|40.2975082397461|1.29306316375732
9.412|40.5722856521606|1.28231525421143
9.422|41.8269634246826|1.27146244049072
9.433|43.2616472244263|1.26097202301025
9.445|40.6515598297119|1.25099658966064
9.455|39.1966104507446|1.24085903167725
9.467|40.8816337585449|1.23104572296143
9.478|40.6795740127563|1.2214183807373
9.488|42.0957803726196|1.21184349060059
9.5|41.1617755889893|1.19272708892822
9.511|40.2778387069702|1.18279457092285
9.521|41.2106513977051|1.17302894592285
9.533|39.2478704452515|1.16320610046387
9.544|41.2368774414063|1.15340709686279
9.554|38.7489795684814|1.14361763000488
9.566|40.2712821960449|1.1331033706665
9.577|41.0807132720947|1.12283706665039
9.587|41.1105155944824|1.11244201660156
9.599|41.767954826355|1.10225677490234
9.61|41.4037704467773|1.08301639556885
9.62|39.6102666854858|1.07306480407715
9.632|42.7734851837158|1.06264591217041
9.643|40.0388240814209|1.05223655700684
9.653|40.3070449829102|1.04221820831299
9.665|40.0936603546143|1.03251934051514
9.676|41.1230325698853|1.0224437713623
9.686|42.1398878097534|1.01215839385986
9.696|41.7202711105347|1.00181579589844
9.706|39.5148992538452|0.991215705871582
9.716|40.1490926742554|0.981178283691406
9.727|41.4645671844482|0.970978736877441
9.737|40.9382581710815|0.960898399353027
9.747|41.1081314086914|0.951013565063477
9.758|40.1008129119873|0.941300392150879
9.768|40.8715009689331|0.931739807128906
9.78|38.7769937515259|0.91252326965332
9.791|39.8719310760498|0.90268611907959
9.801|40.6652688980103|0.892696380615234
9.813|42.1750545501709|0.883030891418457
9.824|40.5651330947876|0.873303413391113
9.835|41.3721799850464|0.863566398620605
9.846|42.1863794326782|0.853176116943359
9.857|39.7127866744995|0.842456817626953
9.867|41.2309169769287|0.832419395446777
9.878|41.8698787689209|0.822529792785645
9.888|41.7578220367432|0.813102722167969
9.898|42.0641899108887|0.803313255310059
9.908|40.2945280075073|0.793232917785645
9.918|40.1949882507324|0.782928466796875
9.929|41.6886806488037|0.772528648376465
9.939|39.6275520324707|0.762386322021484
9.95|40.6944751739502|0.74246883392334
9.96|40.9728288650513|0.732412338256836
9.97|40.3434038162231|0.721707344055176
9.98|40.8667325973511|0.711641311645508
9.99|41.8680906295776|0.701532363891602
10|38.762092590332|0.691719055175781
10.011|39.7467613220215|0.68140983581543
10.022|40.6759977340698|0.671482086181641
10.032|42.5279140472412|0.661802291870117
10.044|43.3814525604248|0.65208911895752
10.055|40.428638458252|0.642518997192383
10.065|41.8633222579956|0.632772445678711
10.077|40.5114889144897|0.62283992767334
10.088|40.4715538024902|0.613055229187012
10.098|40.5675172805786|0.603256225585938
10.11|42.1684980392456|0.583491325378418
10.12|41.1736965179443|0.573158264160156
10.13|41.2100553512573|0.562839508056641
10.14|40.7677888870239|0.552768707275391
10.15|40.3487682342529|0.543122291564941
10.161|40.3958559036255|0.533432960510254
10.171|40.5806303024292|0.523600578308105
10.181|40.8035516738892|0.51368236541748
10.191|40.2504205703735|0.503325462341309
10.201|39.8224592208862|0.493121147155762
10.212|40.0155782699585|0.482831001281738
10.222|39.4213199615479|0.473036766052246
10.232|39.7604703903198|0.462837219238281
10.242|42.5249338150024|0.452408790588379
10.252|40.4983758926392|0.441780090332031
10.263|42.0790910720825|0.431442260742188
10.275|41.3417816162109|0.420989990234375
10.286|42.2960519790649|0.410952568054199
10.296|40.7290458679199|0.401010513305664
10.308|41.7309999465942|0.391087532043457
10.319|41.3268804550171|0.381679534912109
10.329|40.4703617095947|0.372304916381836
10.341|40.6110286712646|0.352873802185059
10.352|42.036771774292|0.342912673950195
10.362|41.4907932281494|0.333099365234375
10.373|43.0458784103394|0.323390960693359
10.382|41.1564111709595|0.313386917114258
10.392|41.0503149032593|0.303254127502441
10.402|41.1140918731689|0.29273509979248
10.412|42.150616645813|0.28235912322998
10.424|42.7412986755371|0.272316932678223
10.434|42.1911478042603|0.262694358825684
10.445|40.544867515564|0.252971649169922
10.455|40.1681661605835|0.243229866027832
10.465|43.6884164810181|0.233030319213867
10.476|40.6754016876221|0.222692489624023
10.486|40.8780574798584|0.212693214416504
10.496|40.5222177505493|0.20270824432373
10.506|43.3856248855591|0.192666053771973
10.516|38.8813018798828|0.182690620422363
10.527|40.1037931442261|0.172281265258789
10.539|42.9624319076538|0.161709785461426
10.549|40.9722328186035|0.151338577270508
10.56|41.0234928131104|0.131049156188965
10.572|41.3024425506592|0.120892524719238
10.582|40.6783819198608|0.111370086669922
10.593|40.164589881897|0.10167121887207
10.605|39.8921966552734|0.0923442840576172
10.615|40.8899784088135|0.0827646255493164
10.626|41.2172079086304|0.072779655456543
10.638|39.1161441802979|0.0629806518554688
10.648|40.8834218978882|0.0531530380249023
10.659|40.8095121383667|0.0436496734619141
10.676|40.1419401168823|0.0233316421508789
10.687|38.2310152053833|0.0133562088012695
10.698|42.0904159545898|0.00502586364746094
10.708|40.8273935317993|0.000238418579101563
10.72|41.2195920944214|-0.00125885009765625
10.731|40.7928228378296|-0.00105381011962891
